center_x  = 26.63105461692931 
center_y  = -0.8455366927636072 
center_z  = 25.33463765690059 
size_x    = 10.0
size_y    = 10.0
size_z    = 10.0