center_x  = 1.0593899738123644 
center_y  = -7.463933458519357 
center_z  = 36.84762977686838 
size_x    = 10.0
size_y    = 10.0
size_z    = 10.0