center_x  = 50.63003219432258 
center_y  = 24.798066065917016 
center_z  = 4.221222796449119 
size_x    = 10.0
size_y    = 10.0
size_z    = 10.0