center_x  = 39.947831624062076 
center_y  = 23.394605435157526 
center_z  = 1.2214119642392172 
size_x    = 10.0
size_y    = 10.0
size_z    = 10.0