center_x  = 44.667999267578125 
center_y  = 23.556999206542972 
center_z  = 3.094000101089478 
size_x    = 10.0
size_y    = 10.0
size_z    = 10.0