center_x  = 6.8592963299528495 
center_y  = -1.6203864193132065 
center_z  = -15.074989672425646 
size_x    = 10.0
size_y    = 10.0
size_z    = 10.0