center_x  = 36.539655227484445 
center_y  = 101.66306562437772 
center_z  = 112.6285357377398 
size_x    = 10.0
size_y    = 10.0
size_z    = 10.0