center_x  = 36.694915729020316 
center_y  = 94.53297396623518 
center_z  = 119.17280368745757 
size_x    = 10.0
size_y    = 10.0
size_z    = 10.0