center_x  = 31.15843229506528 
center_y  = 6.0483343552640525 
center_z  = 40.62778451186923 
size_x    = 10.0
size_y    = 10.0
size_z    = 10.0