center_x  = 21.48436363391995 
center_y  = 14.42153922854872 
center_z  = 39.756876948379954 
size_x    = 10.0
size_y    = 10.0
size_z    = 10.0