center_x  = 25.740999221801758 
center_y  = 10.82800006866455 
center_z  = 37.04499816894531 
size_x    = 10.0
size_y    = 10.0
size_z    = 10.0