center_x  = 15.23546938320567 
center_y  = 12.744032155011876 
center_z  = 43.88251575488866 
size_x    = 10.0
size_y    = 10.0
size_z    = 10.0